image_width: 1280
image_height: 960
camera_name: camerav2_1280x960
camera_matrix:
  rows: 3
  cols: 3
  data: [1233.198199968708, 0, 679.0227404450934, 0, 1232.72529999891, 513.8057751105239, 0, 0, 1]
distortion_model: plumb_bob
distortion_coefficients:
  rows: 1
  cols: 5
  data: [0.03304297647526409, -0.06947023181825254, 0.003241559006729728, 0.01310430957389307, 0]
rectification_matrix:
  rows: 3
  cols: 3
  data: [1, 0, 0, 0, 1, 0, 0, 0, 1]
projection_matrix:
  rows: 3
  cols: 4
  data: [1235.559936523438, 0, 692.9654405209876, 0, 0, 1249.232421875, 516.1225872760988, 0, 0, 0, 1, 0]