image_width: 1280
image_height: 960
camera_name: camerav2_1280x960
camera_matrix:
  rows: 3
  cols: 3
  data: [1260.478996, 0.000000, 629.427978, 0.000000, 1257.076664, 479.466912,0.000000, 0.000000, 1.000000]
distortion_model: plumb_bob
distortion_coefficients:
  rows: 1
  cols: 5
  data: [0.063615, -0.514146, -0.003852, -0.003983, 0.000000]
rectification_matrix:
  rows: 3
  cols: 3
  data: [1, 0, 0, 0, 1, 0, 0, 0, 1]
projection_matrix:
  rows: 3
  cols: 4
  data: [1233.567383, 0.000000, 622.962993, 0.000000, 0.000000, 1253.466064, 476.773815, 0.000000, 0.000000, 0.000000, 1.000000, 0.000000]
